timestamp,sensor_1,sensor_2,sensor_3,sensor_4,sensor_5,sensor_6
0.0,-0.06841214001178741,-0.12300176173448563,0.007557000033557415,0.6700441837310791,0.4693562388420105,-0.1908145695924759
0.01608562469482422,0.05533799156546593,-0.12300176173448563,0.022473599761724472,0.6700441837310791,0.4693562388420105,-0.1908145695924759
0.03203177452087402,0.05533799156546593,-0.12300176173448563,0.022473599761724472,0.6700441837310791,0.4693562388420105,-0.042813535779714584
0.04804539680480957,0.05533799156546593,-0.07874272018671036,0.022473599761724472,0.6700441837310791,0.4693562388420105,-0.042813535779714584
0.06409883499145508,0.05533799156546593,-0.07874272018671036,0.022473599761724472,0.5991926789283752,0.42927950620651245,-0.042813535779714584
0.0800790786743164,0.05533799156546593,-0.07874272018671036,0.022473599761724472,0.5991926789283752,0.42927950620651245,-0.042813535779714584
0.09608697891235352,0.05533799156546593,-0.07874272018671036,0.022473599761724472,0.5991926789283752,0.42927950620651245,-0.042813535779714584
0.11210322380065918,0.2546937167644501,-0.07874272018671036,0.022473599761724472,0.5991926789283752,0.42927950620651245,-0.042813535779714584
0.1280992031097412,0.2546937167644501,-0.07874272018671036,0.026002801954746246,0.5991926789283752,0.42927950620651245,-0.042813535779714584
0.14400172233581543,0.2546937167644501,-0.07885920256376266,0.026002801954746246,0.5991926789283752,0.42927950620651245,0.083292655646801
0.16001200675964355,0.2546937167644501,-0.07885920256376266,0.026002801954746246,0.5991926789283752,0.38804399967193604,0.083292655646801
0.1761186122894287,0.2546937167644501,-0.07885920256376266,0.026002801954746246,0.5968464612960815,0.38804399967193604,0.083292655646801
0.19209980964660645,0.2546937167644501,-0.07885920256376266,0.026002801954746246,0.5968464612960815,0.38804399967193604,0.083292655646801
0.20807266235351562,0.2546937167644501,-0.07885920256376266,0.026002801954746246,0.5968464612960815,0.38804399967193604,0.083292655646801
0.22408795356750488,0.09205655008554459,-0.07885920256376266,-0.025423800572752953,0.5968464612960815,0.38804399967193604,0.083292655646801
0.24008965492248535,0.09205655008554459,-0.09443336725234985,-0.025423800572752953,0.5968464612960815,0.38804399967193604,-0.10559141635894775
0.2560844421386719,0.09205655008554459,-0.09443336725234985,-0.025423800572752953,0.5968464612960815,0.38804399967193604,-0.10559141635894775
0.2722053527832031,0.09205655008554459,-0.09443336725234985,-0.025423800572752953,0.6362417936325073,0.4707966148853302,-0.10559141635894775
0.2880856990814209,0.09205655008554459,-0.09443336725234985,-0.025423800572752953,0.6362417936325073,0.4707966148853302,-0.10559141635894775
0.3042120933532715,0.09205655008554459,-0.09443336725234985,-0.025423800572752953,0.6362417936325073,0.4707966148853302,-0.10559141635894775
0.3201408386230469,0.0,-0.09443336725234985,-0.025423800572752953,0.6362417936325073,0.4707966148853302,-0.10559141635894775
0.336134672164917,0.0,-0.09443336725234985,-0.028417201712727547,0.6362417936325073,0.4707966148853302,-0.10559141635894775
0.35209035873413086,0.0,-0.1320127248764038,-0.028417201712727547,0.6362417936325073,0.4707966148853302,-0.1806165724992752
0.36811399459838867,0.0,-0.1320127248764038,-0.028417201712727547,0.6362417936325073,0.5000353455543518,-0.1806165724992752
0.384122371673584,0.0,-0.1320127248764038,-0.028417201712727547,0.6605690121650696,0.5000353455543518,-0.1806165724992752
0.40003037452697754,0.0,-0.1320127248764038,-0.028417201712727547,0.6605690121650696,0.5000353455543518,-0.1806165724992752
0.41608500480651855,0.0,-0.1320127248764038,-0.028417201712727547,0.6605690121650696,0.5000353455543518,-0.1806165724992752
0.43213868141174316,-0.14690262079238892,-0.1320127248764038,-0.043369799852371216,0.6605690121650696,0.5000353455543518,-0.1806165724992752
0.4481809139251709,-0.14690262079238892,-0.1731531172990799,-0.043369799852371216,0.6605690121650696,0.5000353455543518,-0.3409569561481476
0.464374303817749,-0.14690262079238892,-0.1731531172990799,-0.043369799852371216,0.6605690121650696,0.5000353455543518,-0.3409569561481476
0.4800729751586914,-0.14690262079238892,-0.1731531172990799,-0.043369799852371216,0.6507065296173096,0.5912923216819763,-0.3409569561481476
0.49646544456481934,-0.14690262079238892,-0.1731531172990799,-0.043369799852371216,0.6507065296173096,0.5912923216819763,-0.3409569561481476
0.5127909183502197,-0.14690262079238892,-0.1731531172990799,-0.043369799852371216,0.6507065296173096,0.5912923216819763,-0.3409569561481476
0.5282175540924072,-0.27617910504341125,-0.1731531172990799,-0.043369799852371216,0.6507065296173096,0.5912923216819763,-0.3409569561481476
0.5443413257598877,-0.27617910504341125,-0.1731531172990799,-0.029683200642466545,0.6507065296173096,0.5912923216819763,-0.3409569561481476
0.5602700710296631,-0.27617910504341125,-0.16574935615062714,-0.029683200642466545,0.6507065296173096,0.5912923216819763,-0.3945298492908478
0.5763387680053711,-0.27617910504341125,-0.16574935615062714,-0.029683200642466545,0.6507065296173096,0.5251717567443848,-0.3945298492908478
0.5922372341156006,-0.27617910504341125,-0.16574935615062714,-0.029683200642466545,0.6070764064788818,0.5251717567443848,-0.3945298492908478
0.6082460880279541,-0.27617910504341125,-0.16574935615062714,-0.029683200642466545,0.6070764064788818,0.5251717567443848,-0.3945298492908478
0.6243577003479004,-0.27617910504341125,-0.16574935615062714,-0.029683200642466545,0.6070764064788818,0.5251717567443848,-0.3945298492908478
0.6402914524078369,-0.1676913946866989,-0.16574935615062714,-0.009935400448739529,0.6070764064788818,0.5251717567443848,-0.3945298492908478
0.6563127040863037,-0.1676913946866989,-0.13306160271167755,-0.009935400448739529,0.6070764064788818,0.5251717567443848,-0.2788800299167633
0.6723051071166992,-0.1676913946866989,-0.13306160271167755,-0.009935400448739529,0.6070764064788818,0.5251717567443848,-0.2788800299167633
0.688288688659668,-0.1676913946866989,-0.13306160271167755,-0.009935400448739529,0.6318190693855286,0.5214166045188904,-0.2788800299167633
0.7043111324310303,-0.1676913946866989,-0.13306160271167755,-0.009935400448739529,0.6318190693855286,0.5214166045188904,-0.2788800299167633
0.720344066619873,-0.1676913946866989,-0.13306160271167755,-0.009935400448739529,0.6318190693855286,0.5214166045188904,-0.2788800299167633
0.7363145351409912,-0.0911436527967453,-0.13306160271167755,-0.009935400448739529,0.6318190693855286,0.5214166045188904,-0.2788800299167633
0.7523510456085205,-0.0911436527967453,-0.13306160271167755,0.0,0.6318190693855286,0.5214166045188904,-0.2788800299167633
0.7681128978729248,-0.0911436527967453,-0.1243496835231781,0.0,0.6318190693855286,0.5214166045188904,-0.20767031610012054
0.7840218544006348,-0.0911436527967453,-0.1243496835231781,0.0,0.6318190693855286,0.47525569796562195,-0.20767031610012054
0.799917459487915,-0.0911436527967453,-0.1243496835231781,0.0,0.670680582523346,0.47525569796562195,-0.20767031610012054
0.8161625862121582,-0.0911436527967453,-0.1243496835231781,0.0,0.670680582523346,0.47525569796562195,-0.20767031610012054
0.8321588039398193,-0.0911436527967453,-0.1243496835231781,0.0,0.670680582523346,0.47525569796562195,-0.20767031610012054
0.8482282161712646,0.005034869536757469,-0.1243496835231781,0.01757100038230419,0.670680582523346,0.47525569796562195,-0.20767031610012054
0.8643112182617188,0.005034869536757469,-0.0912693664431572,0.01757100038230419,0.670680582523346,0.47525569796562195,-0.08669430017471313
0.88028883934021,0.005034869536757469,-0.0912693664431572,0.01757100038230419,0.670680582523346,0.47525569796562195,-0.08669430017471313
0.8962337970733643,0.005034869536757469,-0.0912693664431572,0.01757100038230419,0.6174681186676025,0.441583514213562,-0.08669430017471313
0.9121928215026855,0.005034869536757469,-0.0912693664431572,0.01757100038230419,0.6174681186676025,0.441583514213562,-0.08669430017471313
0.9282114505767822,0.005034869536757469,-0.0912693664431572,0.01757100038230419,0.6174681186676025,0.441583514213562,-0.08669430017471313
0.9442434310913086,0.2290467917919159,-0.0912693664431572,0.02914920076727867,0.6174681186676025,0.441583514213562,-0.08669430017471313
0.9599997997283936,0.2290467917919159,-0.0912693664431572,0.02914920076727867,0.6174681186676025,0.441583514213562,-0.08669430017471313
0.9762678146362305,0.2290467917919159,-0.06926808506250381,0.02914920076727867,0.6174681186676025,0.441583514213562,0.08902376890182495
0.9922897815704346,0.2290467917919159,-0.06926808506250381,0.02914920076727867,0.6174681186676025,0.38284504413604736,0.08902376890182495
1.008070945739746,0.2290467917919159,-0.06926808506250381,0.02914920076727867,0.581855297088623,0.38284504413604736,0.08902376890182495
1.0242393016815186,0.2290467917919159,-0.06926808506250381,0.02914920076727867,0.581855297088623,0.38284504413604736,0.08902376890182495
1.0402641296386719,0.13952425122261047,-0.06926808506250381,0.02914920076727867,0.581855297088623,0.38284504413604736,0.08902376890182495
1.0563993453979492,0.13952425122261047,-0.06926808506250381,-0.014422801323235035,0.581855297088623,0.38284504413604736,0.08902376890182495
1.072289228439331,0.13952425122261047,-0.0935211256146431,-0.014422801323235035,0.581855297088623,0.38284504413604736,-0.071680948138237
1.0884027481079102,0.13952425122261047,-0.0935211256146431,-0.014422801323235035,0.581855297088623,0.38284504413604736,-0.071680948138237
1.1044104099273682,0.13952425122261047,-0.0935211256146431,-0.014422801323235035,0.6318877339363098,0.45490899682044983,-0.071680948138237
1.12028169631958,0.13952425122261047,-0.0935211256146431,-0.014422801323235035,0.6318877339363098,0.45490899682044983,-0.071680948138237
1.1362900733947754,0.13952425122261047,-0.0935211256146431,-0.014422801323235035,0.6318877339363098,0.45490899682044983,-0.071680948138237
1.1522250175476074,0.027892809361219406,-0.0935211256146431,-0.02722260169684887,0.6318877339363098,0.45490899682044983,-0.071680948138237
1.1682825088500977,0.027892809361219406,-0.10840871930122375,-0.02722260169684887,0.6318877339363098,0.45490899682044983,-0.071680948138237
1.184227705001831,0.027892809361219406,-0.10840871930122375,-0.02722260169684887,0.6318877339363098,0.45490899682044983,-0.14713378250598907
1.2002015113830566,0.027892809361219406,-0.10840871930122375,-0.02722260169684887,0.6318877339363098,0.47429582476615906,-0.14713378250598907
1.2163376808166504,0.027892809361219406,-0.10840871930122375,-0.02722260169684887,0.639539361000061,0.47429582476615906,-0.14713378250598907
1.2320687770843506,0.027892809361219406,-0.10840871930122375,-0.02722260169684887,0.639539361000061,0.47429582476615906,-0.14713378250598907
1.248119592666626,-0.10173756629228592,-0.10840871930122375,-0.02722260169684887,0.639539361000061,0.47429582476615906,-0.14713378250598907
1.2640607357025146,-0.10173756629228592,-0.10840871930122375,-0.039248403161764145,0.639539361000061,0.47429582476615906,-0.14713378250598907
1.2800734043121338,-0.10173756629228592,-0.1698894500732422,-0.039248403161764145,0.639539361000061,0.47429582476615906,-0.31813153624534607
1.2961039543151855,-0.10173756629228592,-0.1698894500732422,-0.039248403161764145,0.639539361000061,0.47429582476615906,-0.31813153624534607
1.3120429515838623,-0.10173756629228592,-0.1698894500732422,-0.039248403161764145,0.6952381134033203,0.6096338033676147,-0.31813153624534607
1.3280889987945557,-0.10173756629228592,-0.1698894500732422,-0.039248403161764145,0.6952381134033203,0.6096338033676147,-0.31813153624534607
1.3440654277801514,-0.10173756629228592,-0.1698894500732422,-0.039248403161764145,0.6952381134033203,0.6096338033676147,-0.31813153624534607
1.3601906299591064,-0.3235921859741211,-0.1698894500732422,-0.06090540438890457,0.6952381134033203,0.6096338033676147,-0.31813153624534607
1.3763089179992676,-0.3235921859741211,-0.18624256551265717,-0.06090540438890457,0.6952381134033203,0.6096338033676147,-0.31813153624534607
1.392289400100708,-0.3235921859741211,-0.18624256551265717,-0.06090540438890457,0.6952381134033203,0.6096338033676147,-0.45172014832496643
1.4083409309387207,-0.3235921859741211,-0.18624256551265717,-0.06090540438890457,0.6952381134033203,0.5448082089424133,-0.45172014832496643
1.4240913391113281,-0.3235921859741211,-0.18624256551265717,-0.06090540438890457,0.6364344954490662,0.5448082089424133,-0.45172014832496643
1.4402813911437988,-0.3235921859741211,-0.18624256551265717,-0.06090540438890457,0.6364344954490662,0.5448082089424133,-0.45172014832496643
1.4563319683074951,-0.1839011013507843,-0.18624256551265717,-0.06090540438890457,0.6364344954490662,0.5448082089424133,-0.45172014832496643
1.4723093509674072,-0.1839011013507843,-0.18624256551265717,-0.005422799848020077,0.6364344954490662,0.5448082089424133,-0.45172014832496643
1.4882831573486328,-0.1839011013507843,-0.13207601010799408,-0.005422799848020077,0.6364344954490662,0.5448082089424133,-0.2876078486442566
1.504251480102539,-0.1839011013507843,-0.13207601010799408,-0.005422799848020077,0.6364344954490662,0.5448082089424133,-0.2876078486442566
1.520434856414795,-0.1839011013507843,-0.13207601010799408,-0.005422799848020077,0.6221963763237,0.5225189924240112,-0.2876078486442566
1.5361828804016113,-0.1839011013507843,-0.13207601010799408,-0.005422799848020077,0.6221963763237,0.5225189924240112,-0.2876078486442566
1.5520074367523193,-0.1839011013507843,-0.13207601010799408,-0.005422799848020077,0.6221963763237,0.5225189924240112,-0.2876078486442566
1.5682103633880615,-0.12523749470710754,-0.13207601010799408,-0.014278201386332512,0.6221963763237,0.5225189924240112,-0.2876078486442566
1.584193229675293,-0.12523749470710754,-0.13055448234081268,-0.014278201386332512,0.6221963763237,0.5225189924240112,-0.2876078486442566
1.6000120639801025,-0.12523749470710754,-0.13055448234081268,-0.014278201386332512,0.6221963763237,0.5225189924240112,-0.23592589795589447
1.6160566806793213,-0.12523749470710754,-0.13055448234081268,-0.014278201386332512,0.6221963763237,0.4844030737876892,-0.23592589795589447
1.6320109367370605,-0.12523749470710754,-0.13055448234081268,-0.014278201386332512,0.6722447276115417,0.4844030737876892,-0.23592589795589447
1.648000955581665,-0.12523749470710754,-0.13055448234081268,-0.014278201386332512,0.6722447276115417,0.4844030737876892,-0.23592589795589447
1.6639769077301025,-0.03806961700320244,-0.13055448234081268,-0.014278201386332512,0.6722447276115417,0.4844030737876892,-0.23592589795589447
1.680093765258789,-0.03806961700320244,-0.13055448234081268,0.009942000731825829,0.6722447276115417,0.4844030737876892,-0.23592589795589447
1.6960101127624512,-0.03806961700320244,-0.10671416670084,0.009942000731825829,0.6722447276115417,0.4844030737876892,-0.1379069983959198
1.7120990753173828,-0.03806961700320244,-0.10671416670084,0.009942000731825829,0.6722447276115417,0.4844030737876892,-0.1379069983959198
1.7280917167663574,-0.03806961700320244,-0.10671416670084,0.009942000731825829,0.6394227743148804,0.46339571475982666,-0.1379069983959198
1.7441160678863525,-0.03806961700320244,-0.10671416670084,0.009942000731825829,0.6394227743148804,0.46339571475982666,-0.1379069983959198
1.7601211071014404,-0.03806961700320244,-0.10671416670084,0.009942000731825829,0.6394227743148804,0.46339571475982666,-0.1379069983959198
1.7761766910552979,0.16510753333568573,-0.10671416670084,0.025357801467180252,0.6394227743148804,0.46339571475982666,-0.1379069983959198
1.7921733856201172,0.16510753333568573,-0.0675998404622078,0.025357801467180252,0.6394227743148804,0.46339571475982666,0.06923762708902359
1.8081321716308594,0.16510753333568573,-0.0675998404622078,0.025357801467180252,0.6394227743148804,0.46339571475982666,0.06923762708902359
1.8242099285125732,0.16510753333568573,-0.0675998404622078,0.025357801467180252,0.6394227743148804,0.37879061698913574,0.06923762708902359
1.8401548862457275,0.16510753333568573,-0.0675998404622078,0.025357801467180252,0.5668134093284607,0.37879061698913574,0.06923762708902359
1.856029748916626,0.16510753333568573,-0.0675998404622078,0.025357801467180252,0.5668134093284607,0.37879061698913574,0.06923762708902359
1.8720309734344482,0.20365400612354279,-0.0675998404622078,0.0,0.5668134093284607,0.37879061698913574,0.06923762708902359
1.8882250785827637,0.20365400612354279,-0.0675998404622078,0.0,0.5668134093284607,0.37879061698913574,0.06923762708902359
1.9042527675628662,0.20365400612354279,-0.08664600551128387,0.0,0.5668134093284607,0.37879061698913574,-0.023610509932041168
1.9202191829681396,0.20365400612354279,-0.08664600551128387,0.0,0.5668134093284607,0.37879061698913574,-0.023610509932041168
1.9360918998718262,0.20365400612354279,-0.08664600551128387,0.0,0.6259111762046814,0.4452759921550751,-0.023610509932041168
1.9521002769470215,0.20365400612354279,-0.08664600551128387,0.0,0.6259111762046814,0.4452759921550751,-0.023610509932041168
1.9680609703063965,0.20365400612354279,-0.08664600551128387,0.0,0.6259111762046814,0.4452759921550751,-0.023610509932041168
1.9841787815093994,0.03232051804661751,-0.08664600551128387,-0.034446004778146744,0.6259111762046814,0.4452759921550751,-0.023610509932041168
2.0002710819244385,0.03232051804661751,-0.10378536581993103,-0.034446004778146744,0.6259111762046814,0.4452759921550751,-0.1517937332391739
2.0162971019744873,0.03232051804661751,-0.10378536581993103,-0.034446004778146744,0.6259111762046814,0.4452759921550751,-0.1517937332391739
2.0324416160583496,0.03232051804661751,-0.10378536581993103,-0.034446004778146744,0.6259111762046814,0.4842628538608551,-0.1517937332391739
2.048165798187256,0.03232051804661751,-0.10378536581993103,-0.034446004778146744,0.6558728218078613,0.4842628538608551,-0.1517937332391739
2.064436674118042,0.03232051804661751,-0.10378536581993103,-0.034446004778146744,0.6558728218078613,0.4842628538608551,-0.1517937332391739
2.080454111099243,-0.06888169795274734,-0.10378536581993103,-0.03409440070390701,0.6558728218078613,0.4842628538608551,-0.1517937332391739
2.096320629119873,-0.06888169795274734,-0.10378536581993103,-0.03409440070390701,0.6558728218078613,0.4842628538608551,-0.1517937332391739
2.1123788356781006,-0.06888169795274734,-0.15808631479740143,-0.03409440070390701,0.6558728218078613,0.4842628538608551,-0.27264004945755005
2.128117322921753,-0.06888169795274734,-0.15808631479740143,-0.03409440070390701,0.6558728218078613,0.4842628538608551,-0.27264004945755005
2.1442511081695557,-0.06888169795274734,-0.15808631479740143,-0.03409440070390701,0.6730550527572632,0.5668900609016418,-0.27264004945755005
2.1602487564086914,-0.06888169795274734,-0.15808631479740143,-0.03409440070390701,0.6730550527572632,0.5668900609016418,-0.27264004945755005
2.176133632659912,-0.06888169795274734,-0.15808631479740143,-0.03409440070390701,0.6730550527572632,0.5668900609016418,-0.27264004945755005
2.192272901535034,-0.24793756008148193,-0.15808631479740143,-0.05592840164899826,0.6730550527572632,0.5668900609016418,-0.27264004945755005
2.2082624435424805,-0.24793756008148193,-0.17372263967990875,-0.05592840164899826,0.6730550527572632,0.5668900609016418,-0.41388335824012756
2.2241830825805664,-0.24793756008148193,-0.17372263967990875,-0.05592840164899826,0.6730550527572632,0.5668900609016418,-0.41388335824012756
2.240211009979248,-0.24793756008148193,-0.17372263967990875,-0.05592840164899826,0.6730550527572632,0.5668900609016418,-0.41388335824012756
2.256206512451172,-0.24793756008148193,-0.17372263967990875,-0.05592840164899826,0.6430295705795288,0.5468534231185913,-0.41388335824012756
2.2726728916168213,-0.24793756008148193,-0.17372263967990875,-0.05592840164899826,0.6430295705795288,0.5468534231185913,-0.41388335824012756
2.2881805896759033,-0.23108285665512085,-0.17372263967990875,-0.012405600398778915,0.6430295705795288,0.5468534231185913,-0.41388335824012756
2.3040719032287598,-0.23108285665512085,-0.14971208572387695,-0.012405600398778915,0.6430295705795288,0.5468534231185913,-0.41388335824012756
2.3201193809509277,-0.23108285665512085,-0.14971208572387695,-0.012405600398778915,0.6430295705795288,0.5468534231185913,-0.3303530812263489
2.33602237701416,-0.23108285665512085,-0.14971208572387695,-0.012405600398778915,0.6430295705795288,0.5468534231185913,-0.3303530812263489
2.3522098064422607,-0.23108285665512085,-0.14971208572387695,-0.012405600398778915,0.6326199769973755,0.5291281342506409,-0.3303530812263489
2.368670701980591,-0.23108285665512085,-0.14971208572387695,-0.012405600398778915,0.6326199769973755,0.5291281342506409,-0.3303530812263489
2.3841161727905273,-0.23108285665512085,-0.14971208572387695,-0.012405600398778915,0.6326199769973755,0.5291281342506409,-0.3303530812263489
2.400193452835083,-0.14207586646080017,-0.14971208572387695,-0.018144600093364716,0.6326199769973755,0.5291281342506409,-0.3303530812263489
2.4161908626556396,-0.14207586646080017,-0.13200823962688446,-0.018144600093364716,0.6326199769973755,0.5291281342506409,-0.25170353055000305
2.432093381881714,-0.14207586646080017,-0.13200823962688446,-0.018144600093364716,0.6326199769973755,0.5291281342506409,-0.25170353055000305
2.4481630325317383,-0.14207586646080017,-0.13200823962688446,-0.018144600093364716,0.6326199769973755,0.5291281342506409,-0.25170353055000305
2.4642271995544434,-0.14207586646080017,-0.13200823962688446,-0.018144600093364716,0.6608933210372925,0.49938154220581055,-0.25170353055000305
2.4802002906799316,-0.14207586646080017,-0.13200823962688446,-0.018144600093364716,0.6608933210372925,0.49938154220581055,-0.25170353055000305
2.496622323989868,-0.06322934478521347,-0.13200823962688446,0.0040074000135064125,0.6608933210372925,0.49938154220581055,-0.25170353055000305
2.512228488922119,-0.06322934478521347,-0.11779432743787766,0.0040074000135064125,0.6608933210372925,0.49938154220581055,-0.25170353055000305
2.5281379222869873,-0.06322934478521347,-0.11779432743787766,0.0040074000135064125,0.6608933210372925,0.49938154220581055,-0.17090171575546265
2.5441946983337402,-0.06322934478521347,-0.11779432743787766,0.0040074000135064125,0.6608933210372925,0.49938154220581055,-0.17090171575546265
2.5601646900177,-0.06322934478521347,-0.11779432743787766,0.0040074000135064125,0.6565082669258118,0.46740683913230896,-0.17090171575546265
2.5762059688568115,-0.06322934478521347,-0.11779432743787766,0.0040074000135064125,0.6565082669258118,0.46740683913230896,-0.17090171575546265
2.5921952724456787,0.09430673718452454,-0.11779432743787766,0.0040074000135064125,0.6565082669258118,0.46740683913230896,-0.17090171575546265
2.6082308292388916,0.09430673718452454,-0.11779432743787766,0.02287680096924305,0.6565082669258118,0.46740683913230896,-0.17090171575546265
2.6244494915008545,0.09430673718452454,-0.07566608488559723,0.02287680096924305,0.6565082669258118,0.46740683913230896,0.02255913056433201
2.640684127807617,0.09430673718452454,-0.07566608488559723,0.02287680096924305,0.6565082669258118,0.46740683913230896,0.02255913056433201
2.656221389770508,0.09430673718452454,-0.07566608488559723,0.02287680096924305,0.6565082669258118,0.46740683913230896,0.02255913056433201
2.6722075939178467,0.09430673718452454,-0.07566608488559723,0.02287680096924305,0.5731847286224365,0.3917478621006012,0.02255913056433201
2.6880953311920166,0.09430673718452454,-0.07566608488559723,0.02287680096924305,0.5731847286224365,0.3917478621006012,0.02255913056433201
2.704211711883545,0.23872695863246918,-0.07566608488559723,0.01623840071260929,0.5731847286224365,0.3917478621006012,0.02255913056433201
2.7202320098876953,0.23872695863246918,-0.08001000434160233,0.01623840071260929,0.5731847286224365,0.3917478621006012,0.02255913056433201
2.7361948490142822,0.23872695863246918,-0.08001000434160233,0.01623840071260929,0.5731847286224365,0.3917478621006012,0.02578653022646904
2.752181053161621,0.23872695863246918,-0.08001000434160233,0.01623840071260929,0.5731847286224365,0.3917478621006012,0.02578653022646904
2.7684102058410645,0.23872695863246918,-0.08001000434160233,0.01623840071260929,0.6124428510665894,0.4239773750305176,0.02578653022646904
2.7842352390289307,0.23872695863246918,-0.08001000434160233,0.01623840071260929,0.6124428510665894,0.4239773750305176,0.02578653022646904
2.8001279830932617,0.06047476828098297,-0.08001000434160233,-0.031011002138257027,0.6124428510665894,0.4239773750305176,0.02578653022646904
2.816223621368408,0.06047476828098297,-0.08001000434160233,-0.031011002138257027,0.6124428510665894,0.4239773750305176,0.02578653022646904
2.8322417736053467,0.06047476828098297,-0.09893463551998138,-0.031011002138257027,0.6124428510665894,0.4239773750305176,-0.13749317824840546
2.848660469055176,0.06047476828098297,-0.09893463551998138,-0.031011002138257027,0.6124428510665894,0.4239773750305176,-0.13749317824840546
2.8641271591186523,0.06047476828098297,-0.09893463551998138,-0.031011002138257027,0.6124428510665894,0.4239773750305176,-0.13749317824840546
2.8802380561828613,0.06047476828098297,-0.09893463551998138,-0.031011002138257027,0.6490220427513123,0.4786340892314911,-0.13749317824840546
2.896284341812134,0.06047476828098297,-0.09893463551998138,-0.031011002138257027,0.6490220427513123,0.4786340892314911,-0.13749317824840546
2.912224769592285,-0.03149104863405228,-0.09893463551998138,-0.03153360262513161,0.6490220427513123,0.4786340892314911,-0.13749317824840546
2.928222894668579,-0.03149104863405228,-0.14444977045059204,-0.03153360262513161,0.6490220427513123,0.4786340892314911,-0.13749317824840546
2.9443466663360596,-0.03149104863405228,-0.14444977045059204,-0.03153360262513161,0.6490220427513123,0.4786340892314911,-0.2391147017478943
2.96030592918396,-0.03149104863405228,-0.14444977045059204,-0.03153360262513161,0.6490220427513123,0.4786340892314911,-0.2391147017478943
2.9761641025543213,-0.03149104863405228,-0.14444977045059204,-0.03153360262513161,0.6875649094581604,0.5607084631919861,-0.2391147017478943
2.9923510551452637,-0.03149104863405228,-0.14444977045059204,-0.03153360262513161,0.6875649094581604,0.5607084631919861,-0.2391147017478943
3.008448362350464,-0.23157046735286713,-0.14444977045059204,-0.061974599957466125,0.6875649094581604,0.5607084631919861,-0.2391147017478943
3.0244574546813965,-0.23157046735286713,-0.14444977045059204,-0.061974599957466125,0.6875649094581604,0.5607084631919861,-0.2391147017478943
3.0404610633850098,-0.23157046735286713,-0.18602977693080902,-0.061974599957466125,0.6875649094581604,0.5607084631919861,-0.4224448502063751
3.0564732551574707,-0.23157046735286713,-0.18602977693080902,-0.061974599957466125,0.6875649094581604,0.5607084631919861,-0.4224448502063751
3.0724472999572754,-0.23157046735286713,-0.18602977693080902,-0.061974599957466125,0.6875649094581604,0.5607084631919861,-0.4224448502063751
3.088300943374634,-0.23157046735286713,-0.18602977693080902,-0.061974599957466125,0.6477624773979187,0.5739625692367554,-0.4224448502063751
3.104449510574341,-0.23157046735286713,-0.18602977693080902,-0.061974599957466125,0.6477624773979187,0.5739625692367554,-0.4224448502063751
3.1201047897338867,-0.2385816127061844,-0.18602977693080902,-0.015361800789833069,0.6477624773979187,0.5739625692367554,-0.4224448502063751
3.136734962463379,-0.2385816127061844,-0.14821353554725647,-0.015361800789833069,0.6477624773979187,0.5739625692367554,-0.4224448502063751
3.1522622108459473,-0.2385816127061844,-0.14821353554725647,-0.015361800789833069,0.6477624773979187,0.5739625692367554,-0.3191245198249817
3.1683783531188965,-0.2385816127061844,-0.14821353554725647,-0.015361800789833069,0.6477624773979187,0.5739625692367554,-0.3191245198249817
3.184107542037964,-0.2385816127061844,-0.14821353554725647,-0.015361800789833069,0.5976736545562744,0.49854591488838196,-0.3191245198249817
3.200320243835449,-0.2385816127061844,-0.14821353554725647,-0.015361800789833069,0.5976736545562744,0.49854591488838196,-0.3191245198249817
3.21631121635437,-0.14380446076393127,-0.14821353554725647,-0.013212000951170921,0.5976736545562744,0.49854591488838196,-0.3191245198249817
3.2323594093322754,-0.14380446076393127,-0.13164591789245605,-0.013212000951170921,0.5976736545562744,0.49854591488838196,-0.3191245198249817
3.248366355895996,-0.14380446076393127,-0.13164591789245605,-0.013212000951170921,0.5976736545562744,0.49854591488838196,-0.2659704387187958
3.2643563747406006,-0.14380446076393127,-0.13164591789245605,-0.013212000951170921,0.5976736545562744,0.49854591488838196,-0.2659704387187958
3.2804672718048096,-0.14380446076393127,-0.13164591789245605,-0.013212000951170921,0.5976736545562744,0.49854591488838196,-0.2659704387187958
3.2963595390319824,-0.14380446076393127,-0.13164591789245605,-0.013212000951170921,0.6593291759490967,0.510460615158081,-0.2659704387187958
3.3121843338012695,-0.14380446076393127,-0.13164591789245605,-0.013212000951170921,0.6593291759490967,0.510460615158081,-0.2659704387187958
3.3281404972076416,-0.08094405382871628,-0.13164591789245605,0.0,0.6593291759490967,0.510460615158081,-0.2659704387187958
3.3440492153167725,-0.08094405382871628,-0.12441408634185791,0.0,0.6593291759490967,0.510460615158081,-0.2659704387187958
3.3599772453308105,-0.08094405382871628,-0.12441408634185791,0.0,0.6593291759490967,0.510460615158081,-0.19184713065624237
3.376098155975342,-0.08094405382871628,-0.12441408634185791,0.0,0.6593291759490967,0.510460615158081,-0.19184713065624237
3.3920905590057373,-0.08094405382871628,-0.12441408634185791,0.0,0.6648535132408142,0.472793310880661,-0.19184713065624237
3.4081149101257324,-0.08094405382871628,-0.12441408634185791,0.0,0.6648535132408142,0.472793310880661,-0.19184713065624237
3.4239883422851562,0.03235964849591255,-0.12441408634185791,0.014775000512599945,0.6648535132408142,0.472793310880661,-0.19184713065624237
3.440021276473999,0.03235964849591255,-0.08433712273836136,0.014775000512599945,0.6648535132408142,0.472793310880661,-0.19184713065624237
3.4560115337371826,0.03235964849591255,-0.08433712273836136,0.014775000512599945,0.6648535132408142,0.472793310880661,-0.03321944922208786
3.472059488296509,0.03235964849591255,-0.08433712273836136,0.014775000512599945,0.6648535132408142,0.472793310880661,-0.03321944922208786
3.488022804260254,0.03235964849591255,-0.08433712273836136,0.014775000512599945,0.6648535132408142,0.472793310880661,-0.03321944922208786
3.5040111541748047,0.03235964849591255,-0.08433712273836136,0.014775000512599945,0.5865750312805176,0.41464877128601074,-0.03321944922208786
3.5200700759887695,0.03235964849591255,-0.08433712273836136,0.014775000512599945,0.5865750312805176,0.41464877128601074,-0.03321944922208786
3.5361344814300537,0.23998816311359406,-0.08433712273836136,0.026520000770688057,0.5865750312805176,0.41464877128601074,-0.03321944922208786
3.5520002841949463,0.23998816311359406,-0.06990648061037064,0.026520000770688057,0.5865750312805176,0.41464877128601074,-0.03321944922208786
3.5681467056274414,0.23998816311359406,-0.06990648061037064,0.026520000770688057,0.5865750312805176,0.41464877128601074,0.0640529990196228
3.5840141773223877,0.23998816311359406,-0.06990648061037064,0.026520000770688057,0.5865750312805176,0.41464877128601074,0.0640529990196228
3.599947690963745,0.23998816311359406,-0.06990648061037064,0.026520000770688057,0.5978174209594727,0.4067479968070984,0.0640529990196228
3.6158931255340576,0.23998816311359406,-0.06990648061037064,0.026520000770688057,0.5978174209594727,0.4067479968070984,0.0640529990196228
3.6320242881774902,0.10262035578489304,-0.06990648061037064,-0.022828200832009315,0.5978174209594727,0.4067479968070984,0.0640529990196228
3.648056745529175,0.10262035578489304,-0.09287376701831818,-0.022828200832009315,0.5978174209594727,0.4067479968070984,0.0640529990196228
3.6640195846557617,0.10262035578489304,-0.09287376701831818,-0.022828200832009315,0.5978174209594727,0.4067479968070984,-0.11655864119529724
3.6800754070281982,0.10262035578489304,-0.09287376701831818,-0.022828200832009315,0.5978174209594727,0.4067479968070984,-0.11655864119529724
3.696012258529663,0.10262035578489304,-0.09287376701831818,-0.022828200832009315,0.5978174209594727,0.4067479968070984,-0.11655864119529724
3.712080478668213,0.10262035578489304,-0.09287376701831818,-0.022828200832009315,0.6436706781387329,0.47400569915771484,-0.11655864119529724
3.7280972003936768,0.10262035578489304,-0.09287376701831818,-0.022828200832009315,0.6436706781387329,0.47400569915771484,-0.11655864119529724
3.7440195083618164,-0.004395889583975077,-0.09287376701831818,-0.031065601855516434,0.6436706781387329,0.47400569915771484,-0.11655864119529724
3.7600388526916504,-0.004395889583975077,-0.12617136538028717,-0.031065601855516434,0.6436706781387329,0.47400569915771484,-0.11655864119529724
3.7760214805603027,-0.004395889583975077,-0.12617136538028717,-0.031065601855516434,0.6436706781387329,0.47400569915771484,-0.1980890929698944
3.7919938564300537,-0.004395889583975077,-0.12617136538028717,-0.031065601855516434,0.6436706781387329,0.47400569915771484,-0.1980890929698944
3.8080642223358154,-0.004395889583975077,-0.12617136538028717,-0.031065601855516434,0.664598822593689,0.5207691192626953,-0.1980890929698944
3.824063777923584,-0.004395889583975077,-0.12617136538028717,-0.031065601855516434,0.664598822593689,0.5207691192626953,-0.1980890929698944
3.840033769607544,-0.13973107933998108,-0.12617136538028717,-0.04215780273079872,0.664598822593689,0.5207691192626953,-0.1980890929698944
3.8560359477996826,-0.13973107933998108,-0.16943639516830444,-0.04215780273079872,0.664598822593689,0.5207691192626953,-0.1980890929698944
3.872058153152466,-0.13973107933998108,-0.16943639516830444,-0.04215780273079872,0.664598822593689,0.5207691192626953,-0.36748796701431274
3.8880722522735596,-0.13973107933998108,-0.16943639516830444,-0.04215780273079872,0.664598822593689,0.5207691192626953,-0.36748796701431274
3.904031753540039,-0.13973107933998108,-0.16943639516830444,-0.04215780273079872,0.664598822593689,0.5207691192626953,-0.36748796701431274
3.9202845096588135,-0.13973107933998108,-0.16943639516830444,-0.04215780273079872,0.6746624112129211,0.5987844467163086,-0.36748796701431274
3.9362447261810303,-0.2987966537475586,-0.16943639516830444,-0.04715220257639885,0.6746624112129211,0.5987844467163086,-0.36748796701431274
3.9523766040802,-0.2987966537475586,-0.16943639516830444,-0.04715220257639885,0.6746624112129211,0.5987844467163086,-0.36748796701431274
3.96824312210083,-0.2987966537475586,-0.17435039579868317,-0.04715220257639885,0.6746624112129211,0.5987844467163086,-0.36748796701431274
3.984174966812134,-0.2987966537475586,-0.17435039579868317,-0.04715220257639885,0.6746624112129211,0.5987844467163086,-0.3964385688304901
4.000341415405273,-0.2987966537475586,-0.17435039579868317,-0.04715220257639885,0.6746624112129211,0.5987844467163086,-0.3964385688304901
4.016249656677246,-0.2987966537475586,-0.17435039579868317,-0.04715220257639885,0.6164463758468628,0.5082570314407349,-0.3964385688304901
4.032480478286743,-0.2987966537475586,-0.17435039579868317,-0.04715220257639885,0.6164463758468628,0.5082570314407349,-0.3964385688304901
4.048355340957642,-0.17459462583065033,-0.17435039579868317,-0.007881000638008118,0.6164463758468628,0.5082570314407349,-0.3964385688304901
4.064332008361816,-0.17459462583065033,-0.1344834417104721,-0.007881000638008118,0.6164463758468628,0.5082570314407349,-0.3964385688304901
4.080314874649048,-0.17459462583065033,-0.1344834417104721,-0.007881000638008118,0.6164463758468628,0.5082570314407349,-0.27700498700141907
4.096394777297974,-0.17459462583065033,-0.1344834417104721,-0.007881000638008118,0.6164463758468628,0.5082570314407349,-0.27700498700141907
4.112137794494629,-0.17459462583065033,-0.1344834417104721,-0.007881000638008118,0.6164463758468628,0.5082570314407349,-0.27700498700141907
4.128094911575317,-0.17459462583065033,-0.1344834417104721,-0.007881000638008118,0.6435474753379822,0.5259378552436829,-0.27700498700141907
4.144083499908447,-0.1089942455291748,-0.1344834417104721,-0.009658800438046455,0.6435474753379822,0.5259378552436829,-0.27700498700141907
4.160036087036133,-0.1089942455291748,-0.12803392112255096,-0.009658800438046455,0.6435474753379822,0.5259378552436829,-0.27700498700141907
4.176061391830444,-0.1089942455291748,-0.12803392112255096,-0.009658800438046455,0.6435474753379822,0.5259378552436829,-0.27700498700141907
4.192151069641113,-0.1089942455291748,-0.12803392112255096,-0.009658800438046455,0.6435474753379822,0.5259378552436829,-0.21273021399974823
4.2080512046813965,-0.1089942455291748,-0.12803392112255096,-0.009658800438046455,0.6435474753379822,0.5259378552436829,-0.21273021399974823
4.224038600921631,-0.1089942455291748,-0.12803392112255096,-0.009658800438046455,0.6731405854225159,0.47517478466033936,-0.21273021399974823
4.2400963306427,-0.1089942455291748,-0.12803392112255096,-0.009658800438046455,0.6731405854225159,0.47517478466033936,-0.21273021399974823
4.255961894989014,-0.0257286187261343,-0.12803392112255096,0.01115879975259304,0.6731405854225159,0.47517478466033936,-0.21273021399974823
4.271934509277344,-0.0257286187261343,-0.1031542420387268,0.01115879975259304,0.6731405854225159,0.47517478466033936,-0.21273021399974823
4.2880566120147705,-0.0257286187261343,-0.1031542420387268,0.01115879975259304,0.6731405854225159,0.47517478466033936,-0.09857232123613358
4.304075479507446,-0.0257286187261343,-0.1031542420387268,0.01115879975259304,0.6731405854225159,0.47517478466033936,-0.09857232123613358
4.320047378540039,-0.0257286187261343,-0.1031542420387268,0.01115879975259304,0.6731405854225159,0.47517478466033936,-0.09857232123613358
4.336045503616333,-0.0257286187261343,-0.1031542420387268,0.01115879975259304,0.6158381700515747,0.44365549087524414,-0.09857232123613358
4.352069139480591,0.18601155281066895,-0.1031542420387268,0.026277000084519386,0.6158381700515747,0.44365549087524414,-0.09857232123613358
4.3680970668792725,0.18601155281066895,-0.0661427229642868,0.026277000084519386,0.6158381700515747,0.44365549087524414,-0.09857232123613358
4.384017467498779,0.18601155281066895,-0.0661427229642868,0.026277000084519386,0.6158381700515747,0.44365549087524414,-0.09857232123613358
4.400143384933472,0.18601155281066895,-0.0661427229642868,0.026277000084519386,0.6158381700515747,0.44365549087524414,0.08612603694200516
4.416057586669922,0.18601155281066895,-0.0661427229642868,0.026277000084519386,0.6158381700515747,0.44365549087524414,0.08612603694200516
4.432075262069702,0.18601155281066895,-0.0661427229642868,0.026277000084519386,0.5761645436286926,0.37925973534584045,0.08612603694200516
4.448055982589722,0.18601155281066895,-0.0661427229642868,0.026277000084519386,0.5761645436286926,0.37925973534584045,0.08612603694200516
4.464052200317383,0.17501042783260345,-0.0661427229642868,0.0,0.5761645436286926,0.37925973534584045,0.08612603694200516
4.480023384094238,0.17501042783260345,-0.08585751801729202,0.0,0.5761645436286926,0.37925973534584045,0.08612603694200516
4.496129274368286,0.17501042783260345,-0.08585751801729202,0.0,0.5761645436286926,0.37925973534584045,-0.07609337568283081
4.51216459274292,0.17501042783260345,-0.08585751801729202,0.0,0.5761645436286926,0.37925973534584045,-0.07609337568283081
4.528262376785278,0.17501042783260345,-0.08585751801729202,0.0,0.5761645436286926,0.37925973534584045,-0.07609337568283081
4.544213771820068,0.17501042783260345,-0.08585751801729202,0.0,0.6391492486000061,0.4679243862628937,-0.07609337568283081
4.560037851333618,0.014832849614322186,-0.08585751801729202,-0.03361860290169716,0.6391492486000061,0.4679243862628937,-0.07609337568283081
4.576240062713623,0.014832849614322186,-0.10954608023166656,-0.03361860290169716,0.6391492486000061,0.4679243862628937,-0.07609337568283081
4.592287540435791,0.014832849614322186,-0.10954608023166656,-0.03361860290169716,0.6391492486000061,0.4679243862628937,-0.07609337568283081
4.608235836029053,0.014832849614322186,-0.10954608023166656,-0.03361860290169716,0.6391492486000061,0.4679243862628937,-0.1741083264350891
4.624392747879028,0.014832849614322186,-0.10954608023166656,-0.03361860290169716,0.6391492486000061,0.4679243862628937,-0.1741083264350891
4.640425205230713,0.014832849614322186,-0.10954608023166656,-0.03361860290169716,0.6680100560188293,0.5051653385162354,-0.1741083264350891
4.6562700271606445,0.014832849614322186,-0.10954608023166656,-0.03361860290169716,0.6680100560188293,0.5051653385162354,-0.1741083264350891
4.672388553619385,-0.0934579148888588,-0.10954608023166656,-0.03387780115008354,0.6680100560188293,0.5051653385162354,-0.1741083264350891
4.688312292098999,-0.0934579148888588,-0.16258592903614044,-0.03387780115008354,0.6680100560188293,0.5051653385162354,-0.1741083264350891
4.704373836517334,-0.0934579148888588,-0.16258592903614044,-0.03387780115008354,0.6680100560188293,0.5051653385162354,-0.31348252296447754
4.720234155654907,-0.0934579148888588,-0.16258592903614044,-0.03387780115008354,0.6680100560188293,0.5051653385162354,-0.31348252296447754
4.736060380935669,-0.0934579148888588,-0.16258592903614044,-0.03387780115008354,0.6680100560188293,0.5051653385162354,-0.31348252296447754
4.751974105834961,-0.0934579148888588,-0.16258592903614044,-0.03387780115008354,0.6598132252693176,0.5888475775718689,-0.31348252296447754
4.767997980117798,-0.25852805376052856,-0.16258592903614044,-0.05138280242681503,0.6598132252693176,0.5888475775718689,-0.31348252296447754
4.784138917922974,-0.25852805376052856,-0.17319007217884064,-0.05138280242681503,0.6598132252693176,0.5888475775718689,-0.31348252296447754
4.799951791763306,-0.25852805376052856,-0.17319007217884064,-0.05138280242681503,0.6598132252693176,0.5888475775718689,-0.31348252296447754
4.815928936004639,-0.25852805376052856,-0.17319007217884064,-0.05138280242681503,0.6598132252693176,0.5888475775718689,-0.40908282995224
4.8319878578186035,-0.25852805376052856,-0.17319007217884064,-0.05138280242681503,0.6598132252693176,0.5888475775718689,-0.40908282995224
4.848015308380127,-0.25852805376052856,-0.17319007217884064,-0.05138280242681503,0.6230846643447876,0.5266497731208801,-0.40908282995224
4.864063262939453,-0.25852805376052856,-0.17319007217884064,-0.00869580078870058,0.6230846643447876,0.5266497731208801,-0.40908282995224
4.880055904388428,-0.21813125908374786,-0.17319007217884064,-0.00869580078870058,0.6230846643447876,0.5266497731208801,-0.40908282995224
4.896082878112793,-0.21813125908374786,-0.14863799512386322,-0.00869580078870058,0.6230846643447876,0.5266497731208801,-0.40908282995224
4.912002325057983,-0.21813125908374786,-0.14863799512386322,-0.00869580078870058,0.6230846643447876,0.5266497731208801,-0.30182820558547974
4.92800760269165,-0.21813125908374786,-0.14863799512386322,-0.00869580078870058,0.6230846643447876,0.5266497731208801,-0.30182820558547974
4.944039344787598,-0.21813125908374786,-0.14863799512386322,-0.00869580078870058,0.6230846643447876,0.5266497731208801,-0.30182820558547974
4.960049390792847,-0.21813125908374786,-0.14863799512386322,-0.00869580078870058,0.6320494413375854,0.5279864072799683,-0.30182820558547974
4.976114273071289,-0.12721548974514008,-0.14863799512386322,-0.014656799845397472,0.6320494413375854,0.5279864072799683,-0.30182820558547974
