timestamp,sensor_1,sensor_2,sensor_3,sensor_4,sensor_5,sensor_6
0.0,32.9,19.74,10.370000000000005,-5.039999999999999,-82.55999999999999,24.36
0.01355123519897461,112.36,14.209999999999997,19.550000000000004,-36.14,-137.35,58.68000000000001
0.027117252349853516,154.37,25.580000000000002,3.6099999999999994,-48.3,-93.92999999999999,66.49
0.04072976112365723,147.79999999999998,39.099999999999994,-18.25,-67.93,-51.76,40.47
0.05395960807800293,-21.42,13.599999999999998,-11.579999999999998,87.53,-68.61,-19.22
0.06743001937866211,-1.7300000000000004,18.23,-29.46,28.799999999999997,-73.5,-1.5500000000000007
0.08092260360717773,-154.84,-11.36,-46.96,22.05,52.99,-70.88
0.09430766105651855,-180.87,-19.11,-49.33,-4.100000000000001,84.37,-64.95
0.10757112503051758,-168.96,-22.42,-29.24,6.91,43.19,-76.5
0.12090921401977539,-92.92999999999999,-17.09,-16.45,23.85,-30.75,-24.23
0.13438677787780762,-29.369999999999997,-24.04,-0.36999999999999744,-11.370000000000001,-99.71,1.3400000000000034
0.147935152053833,13.049999999999999,-13.14,14.57,-37.01,-82.69999999999999,18.39
0.16149425506591797,47.21,-9.75,23.739999999999995,-60.68,-112.58999999999999,-32.59
0.17486882209777832,-25.299999999999997,-1.4499999999999993,4.07,-39.58,-36.63,5.890000000000001
0.1881570816040039,35.379999999999995,5.75,13.300000000000004,-63.68,-106.72,29.590000000000003
0.20160484313964844,4.32,-3.25,-0.9699999999999989,-65.19,-101.91,-0.240000000000002
0.21519899368286133,-115.97,2.0799999999999983,-36.45,-31.33,-22.04,-46.21
0.22876191139221191,-91.67,20.13,-33.28,-29.270000000000003,-82.91,-15.98
0.24211740493774414,163.17999999999998,28.930000000000003,-11.209999999999997,-122.84,-147.97,78.78
0.25536680221557617,5.84,14.059999999999999,-25.13,-44.07,-139.66,-20.439999999999998
0.26872801780700684,-67.55,-3.2600000000000016,-32.589999999999996,-51.720000000000006,-154.26,-7.719999999999999
0.2820723056793213,106.47,-2.2300000000000004,-31.74,-167.15,-127.88,-32.09
0.29532933235168457,-234.27,-15.32,-50.71,-36.62,13.7,-110.51
0.30870532989501953,-243.21,-26.07,-40.81,-63.68,-51.82,-62.72
0.3224036693572998,-40.54,-8.66,-27.04,-87.58000000000001,-155.75,-30.31
0.33591580390930176,-270.98,-13.01,-24.619999999999997,-4.23,-108.07,-93.82
0.3492746353149414,-37.14,-13.15,-8.98,-126.93,-95.36999999999999,4.799999999999997
0.36267924308776855,-113.42,-7.199999999999999,-1.1400000000000006,-73.11000000000001,-28.18,-41.89
0.37764620780944824,-28.439999999999998,-7.600000000000001,-5.030000000000001,-57.79,-106.91,10.560000000000002
0.39098572731018066,-13.28,3.219999999999999,-6.219999999999999,-52.68,-66.08,-1.1000000000000014
0.4042336940765381,-29.090000000000003,-10.51,-19.349999999999998,-61.76,-73.94999999999999,-2.0199999999999996
0.41768503189086914,-32.09,-12.71,-8.479999999999997,-42.58,-80.89999999999999,-10.09
0.4312293529510498,-56.75,-2.9899999999999984,-12.14,-32.06,-53.29,-14.73
0.4445340633392334,-5.48,-0.9100000000000001,-11.129999999999999,-40.32,-86.07,8.509999999999998
0.4579770565032959,-16.04,9.809999999999999,-9.279999999999998,-39.14,-57.31,7.920000000000002
0.4714798927307129,6.109999999999999,10.09,-17.93,1.1600000000000001,-131.03,4.950000000000003
0.48485302925109863,-20.08,36.84,-8.699999999999996,-79.86000000000001,-43.7,2.5700000000000003
0.4983096122741699,27.589999999999996,15.349999999999998,-8.579999999999998,-5.219999999999999,-123.22,19.270000000000003
0.5117626190185547,-27.490000000000002,14.059999999999999,-0.7800000000000011,27.509999999999998,-77.32,-1.8299999999999983
0.5251600742340088,59.66,6.809999999999999,17.490000000000002,-22.439999999999998,-100.69999999999999,39.8
0.5384132862091064,110.19000000000001,19.830000000000002,17.28,-16.63,-98.53999999999999,57.400000000000006
0.5519278049468994,157.26,11.879999999999999,31.070000000000007,-19.9,-127.14999999999999,63.58
0.5654850006103516,159.54999999999998,15.370000000000001,15.240000000000002,-73.44999999999999,-49.57,69.89
0.5790941715240479,20.119999999999997,8.749999999999996,-12.5,19.689999999999998,-67.02999999999999,3.780000000000001
0.5925374031066895,-31.64,-0.5399999999999991,-35.29,34.58,-78.88999999999999,-6.719999999999999
0.6061923503875732,-111.61999999999999,-5.48,-47.89,21.88,52.839999999999996,-58.39
0.6199491024017334,-186.33,-26.87,-44.379999999999995,25.79,34.94,-76.49000000000001
0.6334927082061768,-154.19,-16.54,22.92,6.58,46.87,-65.68
0.6470389366149902,-146.45000000000002,-18.07,-23.4,-0.4800000000000004,3.9200000000000004,-45.480000000000004
0.6603457927703857,-23.25,-19.79,-1.6299999999999955,-19.97,-73.38,1.1700000000000017
0.6735954284667969,-8.5,-16.2,1.1799999999999997,-28.509999999999998,-84.11,8.719999999999999
0.6869304180145264,47.46,-12.66,10.630000000000003,-62.23,-120.33999999999999,15.030000000000001
0.700343132019043,35.33,-13.46,10.350000000000001,-63.919999999999995,-110.19,10.159999999999997
0.7138540744781494,-9.3,-7.949999999999999,5.480000000000004,-64.13999999999999,-1.16,6.490000000000002
0.7273569107055664,50.82,-8.01,-4.920000000000002,-81.38999999999999,-138.5,27.619999999999997
0.7410190105438232,-83.49,-9.42,-22.939999999999998,-35.04,-37.01,-32.18
0.7547421455383301,-133.14000000000001,-0.5300000000000011,-26.339999999999996,-20.47,-40.38,-51.56
0.7683415412902832,88.36,18.24,-11.059999999999999,-99.53,-144.15,48.44
0.7819955348968506,154.78,17.88,-26.6,-120.78999999999999,-206.51,44.97
0.7962243556976318,-257.66,7.449999999999999,-34.589999999999996,5.07,-99.11999999999999,-54.0
0.8100345134735107,152.73999999999998,9.180000000000003,18.630000000000003,-149.04,-162.20999999999998,61.66
0.8234224319458008,-162.32000000000002,-89.32,-42.85,-69.53,-19.21,-91.52000000000001
0.8368868827819824,-302.52,-26.72,-37.66,-56.77,-5.930000000000001,-95.45
0.8506214618682861,6.97,-19.21,-26.919999999999998,-52.949999999999996,-166.31,-3.16
0.8643593788146973,-298.75,-18.4,-34.01,-4.440000000000001,-55.4,-108.14
0.8781588077545166,-58.330000000000005,-10.09,-17.29,-91.06,-110.47999999999999,-9.2
0.8917787075042725,-114.83,-6.789999999999999,-0.8200000000000003,-104.50999999999999,-30.14,-47.46
0.9054436683654785,-75.19999999999999,4.899999999999999,-2.530000000000001,-64.32,-85.36999999999999,-10.11
0.9190897941589355,-13.14,3.66,-5.3799999999999955,-64.52000000000001,-82.21,-8.3
0.932945728302002,-57.29,1.4400000000000013,-4.460000000000001,-47.34,-70.74,-6.219999999999999
0.9467394351959229,19.130000000000003,3.8500000000000014,-10.02,-54.38,-101.63999999999999,5.009999999999998
0.9603564739227295,-67.11,-8.49,-9.719999999999999,-32.7,-66.91999999999999,-16.47
0.9740676879882812,16.03,-3.1499999999999986,-2.509999999999998,-57.63999999999999,-79.41,17.979999999999997
0.9876842498779297,-14.639999999999999,0.07000000000000028,-8.849999999999998,-27.910000000000004,-86.11999999999999,-6.23
1.0014195442199707,-21.700000000000003,17.970000000000002,-0.060000000000002274,-15.54,-56.95,4.210000000000001
1.0152406692504883,72.4,14.080000000000002,-11.48,-30.939999999999998,-117.97,20.380000000000003
1.0288517475128174,-62.949999999999996,10.879999999999999,-14.739999999999998,-5.690000000000001,-90.82,-11.280000000000001
1.0426759719848633,70.94000000000001,31.290000000000003,-7.710000000000001,-36.86,-139.57,43.56999999999999
1.0560553073883057,72.71000000000001,28.970000000000002,13.61,-13.469999999999999,-105.08999999999999,30.0
1.0697128772735596,141.5,36.03,19.33,-23.15,-155.53,71.01
1.0833103656768799,134.47,22.05,7.189999999999998,-19.240000000000002,-87.63999999999999,51.17
1.0967307090759277,95.03,13.120000000000001,1.2800000000000011,-43.89,-131.73,57.290000000000006
1.1102542877197266,50.699999999999996,29.41,-25.409999999999997,17.46,-48.07,13.54
1.1235167980194092,-52.09,2.6099999999999994,-33.05,57.18,-22.580000000000002,-18.77
1.1368296146392822,-91.14999999999999,-0.9899999999999984,-52.76,19.23,56.25,-46.79
1.1503076553344727,-240.13,-4.609999999999999,-55.089999999999996,40.72,87.89,-87.62
1.1649410724639893,-161.83,-20.93,-49.17,-2.6799999999999997,31.259999999999998,-62.620000000000005
1.1784842014312744,-121.44,-10.76,-34.07,4.66,-6.32,-37.480000000000004
1.1918694972991943,-35.47,-12.21,-8.149999999999999,-39.37,-38.31,-4.699999999999999
1.2051916122436523,-1.0,-8.25,14.810000000000002,-38.77,-75.57,10.96
1.218517541885376,-61.71,-6.57,0.8599999999999994,-53.720000000000006,-67.36999999999999,13.240000000000002
1.2318336963653564,24.78,-6.260000000000002,18.060000000000002,-65.97,-113.33999999999999,14.93
1.2451341152191162,17.119999999999997,-0.4200000000000017,8.579999999999998,14.68,-138.76999999999998,12.759999999999998
1.2584550380706787,-51.47,-5.100000000000001,-12.73,-35.99,-52.61,-24.0
1.2717769145965576,-100.61999999999999,-11.2,-10.52,-42.75,-55.36,-25.43
1.28529953956604,76.54,-0.6799999999999997,-4.57,-70.53999999999999,-192.94,52.34
1.298757553100586,66.75,8.900000000000002,-28.53,-126.16,-165.95999999999998,10.469999999999999
1.3120145797729492,-145.5,3.530000000000001,-32.42,-2.5100000000000016,-125.32,-51.57
1.3254170417785645,88.46000000000001,6.449999999999999,-34.4,-115.47,-191.85,43.81
1.3390250205993652,-80.39999999999999,-16.560000000000002,-54.92,-114.72,-31.7,-52.83
1.3523736000061035,-352.6,-40.620000000000005,-51.56,-23.79,31.409999999999997,-120.4
1.366222620010376,-18.79,-22.06,-31.31,-135.29,-151.44,-8.280000000000001
1.379638433456421,-231.55,-8.76,-24.23,-25.160000000000004,-77.82,-97.23
1.3929471969604492,-88.52,-1.3599999999999994,-14.579999999999998,-63.23,-119.47,-24.369999999999997
1.40635085105896,-80.0,-11.23,-21.31,-109.66999999999999,-10.77,-35.24
1.419917106628418,-98.89999999999999,-6.390000000000001,-17.119999999999997,-53.63,-46.13,-22.91
1.433229923248291,4.17,-1.4299999999999997,-3.219999999999999,63.61,-130.82999999999998,-0.7800000000000011
1.446685791015625,-73.05999999999999,4.489999999999998,-6.299999999999997,-37.87,-65.32,-26.83
1.460550308227539,10.120000000000001,1.1799999999999997,-4.439999999999998,-56.809999999999995,-116.86999999999999,8.530000000000001
1.4742486476898193,-36.42,-11.45,-21.7,-36.26,-67.05999999999999,-12.39
1.4879271984100342,-5.32,-13.99,-10.009999999999998,-40.06,-72.41,7.560000000000002
1.5015826225280762,10.18,-11.23,-6.780000000000001,-73.96000000000001,-66.52,-0.5499999999999972
1.5152151584625244,-31.810000000000002,-1.75,-2.6499999999999986,13.92,-143.67,-7.309999999999999
1.5284991264343262,2.75,20.290000000000003,-8.25,-37.13,-82.22999999999999,11.740000000000002
1.5418846607208252,24.490000000000002,20.05,-19.0,-9.490000000000002,-113.41999999999999,4.579999999999998
1.5555429458618164,-14.270000000000001,19.499999999999996,-18.009999999999998,-49.99,-112.57,12.0
1.5691606998443604,102.05000000000001,20.24,16.340000000000003,-47.74,-127.39999999999999,38.790000000000006
1.5827586650848389,102.19000000000001,29.52,36.71000000000001,-7.289999999999999,-155.34,43.480000000000004
1.5960628986358643,138.60999999999999,19.99,20.310000000000002,-39.31,-117.22,59.84
1.6094646453857422,96.82000000000001,14.999999999999996,5.480000000000004,-41.59,-56.59,43.55
1.6230273246765137,58.57,25.330000000000002,-20.57,-1.6099999999999994,-61.53,17.369999999999997
1.6364164352416992,-27.67,2.3200000000000003,-22.509999999999998,58.66,-43.31,-19.130000000000003
1.6499710083007812,-87.94999999999999,2.8599999999999994,-58.489999999999995,20.29,49.43,-44.54
1.6632654666900635,-224.23000000000002,-22.53,-60.37,36.41,51.19,-79.88
1.6765682697296143,-165.08,-24.02,-43.75,-1.1600000000000001,52.44,-60.31
1.689997911453247,-142.77,-20.59,-28.869999999999997,-9.690000000000001,16.39,-53.92
1.7034971714019775,-34.88,-17.75,-0.6999999999999957,-4.59,-35.96,3.8299999999999983
1.7169418334960938,12.58,-16.18,16.72,-32.39,-96.11999999999999,13.030000000000001
1.730189323425293,-4.640000000000001,-23.38,11.230000000000004,-52.63,-88.86,9.439999999999998
1.7435181140899658,21.6,-14.77,12.36,-67.1,-89.14999999999999,23.0
1.7569177150726318,8.27,-9.51,5.579999999999998,-55.38,-111.67999999999999,8.780000000000001
1.7705340385437012,14.92,-12.22,-4.68,-29.189999999999998,-124.25999999999999,15.39
1.7839362621307373,-142.36,-8.16,-11.0,-19.160000000000004,-17.72,-59.28
1.7975409030914307,0.029999999999999805,-12.65,-13.219999999999999,-67.38999999999999,-148.07999999999998,31.349999999999994
1.8107867240905762,119.64,3.34,-12.119999999999997,-132.84,-147.29,55.19
1.824188470840454,-84.03999999999999,18.360000000000003,-25.939999999999998,-17.68,-80.52,-47.47
1.8377048969268799,-21.43,9.66,-38.06,-52.660000000000004,-169.98999999999998,16.950000000000003
1.8513545989990234,85.61,3.5599999999999987,-36.48,-123.45999999999998,-147.12,20.42
1.8647377490997314,-318.92,-18.33,-60.28,-21.700000000000003,54.04,-141.4
1.8779871463775635,-149.94,-16.93,-47.96,-179.72,-81.72,-26.39
1.8913168907165527,-147.34,1.3200000000000003,-42.53,-72.84,-80.58999999999999,-73.49000000000001
1.9046971797943115,-248.97,-2.3200000000000003,-33.519999999999996,-12.36,-106.13,-77.6
1.918025255203247,-46.410000000000004,9.580000000000002,-15.439999999999998,-179.32999999999998,-67.49,-13.899999999999999
1.9314398765563965,-148.64000000000001,8.279999999999998,-8.560000000000002,-46.87,-6.67,-48.46
1.9460160732269287,-27.82,1.6999999999999993,-11.16,-71.75999999999999,-107.69,11.530000000000001
1.9592885971069336,-43.4,10.790000000000003,9.39,-46.57,-59.99,-11.030000000000001
1.9725878238677979,23.4,10.819999999999997,11.07,-66.59,-103.42999999999999,27.92
1.9860210418701172,26.409999999999997,4.449999999999999,8.020000000000003,-58.77,-94.11999999999999,17.689999999999998
1.9996578693389893,-22.67,5.34,-2.0799999999999983,-33.19,-76.27,2.479999999999997
2.0130441188812256,18.869999999999997,4.210000000000001,5.0,-71.83000000000001,-72.47,14.909999999999997
2.0265676975250244,-29.1,2.210000000000001,2.3700000000000045,-1.8399999999999999,-119.69999999999999,-11.82
2.0398874282836914,-16.14,8.16,-4.170000000000002,-12.39,-67.80999999999999,-0.8900000000000006
2.053180456161499,51.71,1.5,-1.6700000000000017,-32.410000000000004,-111.42999999999999,27.65
2.066551446914673,-38.550000000000004,6.699999999999999,-11.379999999999999,33.45,-131.20999999999998,-4.300000000000001
2.0798733234405518,69.7,8.07,7.660000000000004,-27.25,-115.19,36.89
2.0932090282440186,101.55000000000001,20.45,23.72,-15.02,-140.16,39.989999999999995
2.1068685054779053,115.81,24.080000000000002,27.180000000000007,-6.43,-121.41999999999999,54.55
2.120421886444092,125.31,20.919999999999998,7.170000000000002,-40.39,-83.19999999999999,53.81999999999999
2.133836507797241,66.46000000000001,22.180000000000003,-27.299999999999997,-29.310000000000002,-42.76,24.990000000000002
2.1474475860595703,-15.47,-1.7199999999999989,-30.169999999999998,28.82,-60.82,-21.96
2.1606509685516357,-85.03999999999999,5.899999999999999,-55.339999999999996,44.32,-3.1199999999999997,-49.9
2.1740453243255615,-207.56,-6.129999999999999,-53.769999999999996,38.41,61.82,-80.61
2.1873393058776855,-167.74,-22.57,-62.76,10.649999999999999,42.76,-67.91
2.2007830142974854,-149.97,-16.740000000000002,-33.81,-6.399999999999999,25.63,-49.2
2.2143356800079346,-62.49,-20.32,-1.1700000000000017,-10.5,-29.56,-27.22
2.2277066707611084,-0.06000000000000005,-18.009999999999998,6.550000000000004,-18.33,-78.25,8.119999999999997
2.2409822940826416,7.17,-23.96,21.97,-45.43,-98.89999999999999,14.170000000000002
2.254246234893799,12.01,-14.5,18.15,-66.08000000000001,-69.14999999999999,14.780000000000001
2.267648696899414,20.799999999999997,-10.91,18.910000000000004,-52.38,-125.97,17.659999999999997
2.28092098236084,14.87,-8.34,18.560000000000002,-24.14,-143.34,21.060000000000002
2.294306755065918,-60.260000000000005,8.77,-15.27,-37.75,22.55,-27.490000000000002
2.307868480682373,-68.55999999999999,0.4400000000000013,-24.56,-14.3,-72.41999999999999,-18.310000000000002
2.3210959434509277,124.28,12.239999999999998,-14.119999999999997,-107.41,-157.42,57.56999999999999
2.3344967365264893,18.950000000000003,10.3,-106.17999999999999,-82.28,-67.91999999999999,-14.91
2.347872257232666,-127.07000000000001,2.3999999999999986,-32.96,-21.700000000000003,-123.11999999999999,-21.57
2.3612589836120605,129.93,5.77,-26.85,-140.79999999999998,-163.70999999999998,52.260000000000005
2.3748836517333984,-164.33,41.63000000000001,-59.45,-67.62,-66.05999999999999,-87.72999999999999
2.388475179672241,-247.5,-29.19,-49.14,-75.87,-7.54,-75.78
2.401831865310669,-128.43,-11.44,-39.74,-102.44999999999999,-112.57,-40.13
2.4154794216156006,-288.8,-10.43,-48.269999999999996,-8.330000000000002,-76.71,-89.55
2.429037570953369,-67.42999999999999,4.82,-18.83,-102.72,-80.50999999999999,-11.260000000000002
2.4423630237579346,-119.58,9.860000000000003,-17.049999999999997,-76.50999999999999,-20.27,-47.3
2.4556825160980225,-62.410000000000004,7.859999999999999,-0.5700000000000003,-71.77000000000001,-97.33,-1.8500000000000014
2.469119071960449,-7.34,7.710000000000001,-8.84,-57.089999999999996,-83.02,4.259999999999998
2.482940196990967,-16.18,4.010000000000002,-5.339999999999996,-60.43,-86.83,10.899999999999999
2.4963595867156982,39.51,1.9699999999999989,2.1899999999999977,-56.38999999999999,-109.02,17.36
2.5097672939300537,-28.299999999999997,1.9800000000000004,-15.299999999999997,-39.76,-71.89999999999999,0.4200000000000017
2.5232787132263184,24.28,-2.330000000000002,-7.57,-69.82,-83.38,16.990000000000002
2.536860942840576,-37.02,2.2300000000000004,3.969999999999999,-4.350000000000001,-90.61,-12.73
2.550269603729248,-15.53,13.55,-5.310000000000002,-22.979999999999997,-84.80999999999999,10.39
2.563674211502075,54.48,17.419999999999998,-4.189999999999998,-11.899999999999999,-125.91999999999999,32.22
2.577322483062744,-35.010000000000005,15.180000000000003,-6.089999999999996,39.269999999999996,-59.05,-8.95
2.5908985137939453,63.41,7.350000000000001,14.399999999999999,-20.07,-115.94999999999999,36.14
2.604189157485962,108.52000000000001,19.38,22.450000000000003,-26.410000000000004,-138.13,50.2
2.6175038814544678,101.95,15.809999999999999,88.47999999999999,-24.4,-122.22,54.099999999999994
2.630830764770508,131.07,22.499999999999996,20.85,-31.090000000000003,-89.47,67.76
2.6442043781280518,66.11,24.13,-25.229999999999997,-38.11,-4.3100000000000005,25.9
2.657493829727173,-11.68,4.359999999999999,-39.01,38.68,-40.36,-22.14
2.6707725524902344,-76.75,8.59,-50.519999999999996,56.089999999999996,-39.53,-47.84
2.684190273284912,-204.05,-1.8900000000000006,-62.230000000000004,35.05,80.66000000000001,-85.47999999999999
2.697828531265259,-167.0,-23.98,-57.9,-0.14000000000000057,34.83,-61.22
2.711460828781128,-158.32000000000002,-25.93,-47.86,0.6899999999999995,47.95,-64.09
2.72501802444458,-74.94999999999999,-21.94,-13.739999999999998,-29.36,-24.6,-30.56
2.739734649658203,-15.680000000000001,-15.290000000000001,16.090000000000003,-32.58,-72.91,10.600000000000001
2.753166675567627,37.46,-16.91,31.180000000000007,-53.330000000000005,-105.57,20.39
2.766798973083496,6.29,-18.69,24.790000000000006,-51.839999999999996,-79.6,13.11
2.780398368835449,45.26,-16.18,6.100000000000001,-63.660000000000004,-140.38,30.189999999999998
2.7939743995666504,16.42,-21.05,-8.509999999999998,-61.470000000000006,-143.31,4.159999999999997
2.807291269302368,-98.36,-12.08,-12.809999999999999,-51.99,-6.91,-39.38
2.820744037628174,-86.17999999999999,2.41,-10.709999999999997,-10.600000000000001,-80.58,-15.170000000000002
2.8342742919921875,175.66,25.349999999999998,-16.56,-126.68,-155.15,69.25
2.8476195335388184,-53.120000000000005,-1.3500000000000014,-43.0,-48.36,-117.96,-34.7
2.8609282970428467,-100.44,2.0100000000000016,-35.23,-55.38999999999999,-153.75,-26.35
2.874235153198242,107.81,-1.5399999999999991,-31.79,-156.85,-160.13,38.09
2.8876352310180664,-266.43,-14.73,-52.28,-34.53,6.239999999999999,-121.66
2.901224136352539,-170.82000000000002,-24.25,-42.56,-110.07,-76.17999999999999,-43.51
2.914585590362549,-69.41,-1.379999999999999,-42.66,-96.49000000000001,-106.36,-40.76
2.927912950515747,-282.27,-7.109999999999999,-29.159999999999997,-6.949999999999999,-65.33999999999999,-103.05
2.941542148590088,-12.33,-0.3999999999999986,4.219999999999999,-121.19,-101.00999999999999,-6.989999999999998
2.955125331878662,-185.28,0.17999999999999972,-11.52,-72.58000000000001,-14.44,-62.86
2.9685752391815186,-6.290000000000001,-0.7300000000000004,-19.88,-73.0,-126.17999999999999,9.469999999999999
2.982114553451538,-46.85,2.370000000000001,-14.09,-55.339999999999996,-51.79,-22.45
2.9953713417053223,-36.830000000000005,-7.57,-5.350000000000001,-42.63,-88.19999999999999,-2.539999999999999
3.008867025375366,6.38,-6.309999999999999,-1.1099999999999994,-43.4,-99.57,0.8299999999999983
3.0224597454071045,-61.440000000000005,-14.81,-0.36999999999999744,-33.39,-65.00999999999999,-10.280000000000001
3.0359981060028076,31.159999999999997,-8.34,1.8800000000000026,-70.47,-74.13,9.450000000000003
3.049461841583252,-34.43,-3.879999999999999,-5.219999999999999,-20.47,-75.77,-8.55
3.0630719661712646,4.89,13.23,-3.0899999999999963,14.799999999999999,-76.55,6.670000000000002
3.076401710510254,6.23,10.830000000000002,1.8700000000000045,-45.89,-103.82,23.380000000000003
3.089677095413208,-12.07,-1.4100000000000001,-7.280000000000001,7.27,-197.28,8.649999999999999
3.1030192375183105,23.17,20.02,13.130000000000003,-5.34,-94.74,30.68
3.1164348125457764,150.07,21.360000000000003,34.17,-36.97,-148.07999999999998,73.5
3.130192518234253,116.32000000000001,18.459999999999997,30.89,-4.41,-105.49,54.379999999999995
3.1440224647521973,180.51999999999998,26.610000000000003,31.5,-27.65,-82.69999999999999,81.23
3.1579389572143555,89.78,17.540000000000003,-5.159999999999997,-66.63,-29.47,38.959999999999994
3.171543836593628,-33.550000000000004,19.139999999999997,-35.35,55.42,-36.32,-9.010000000000002
3.1850128173828125,-5.3500000000000005,14.59,-38.58,36.61,-70.86,-14.629999999999999
3.1987242698669434,-229.44,6.109999999999999,-61.89,57.839999999999996,107.5,-95.64
3.2123425006866455,-180.8,-13.64,-43.67,16.34,54.06,-64.74
3.2259409427642822,-223.9,-30.22,-45.31,7.5,66.63000000000001,-78.65
3.2393136024475098,-105.02,-21.78,-15.52,-19.79,-5.32,-24.04
3.2529542446136475,-12.65,-16.78,13.32,-37.46,-58.3,9.75
3.2666969299316406,11.2,-8.96,-36.089999999999996,-28.28,-84.66999999999999,18.43
3.280139923095703,26.409999999999997,-14.38,18.740000000000002,-54.529999999999994,-90.30999999999999,20.009999999999998
3.2934508323669434,17.61,-89.42,22.14,-51.660000000000004,-148.28,19.090000000000003
3.3068578243255615,22.509999999999998,-16.0,7.32,-59.330000000000005,-137.47,11.670000000000002
3.3204026222229004,-108.03999999999999,-9.83,-11.66,-35.33,-27.580000000000002,-36.87
3.3337860107421875,-107.17,-1.7300000000000004,-10.549999999999997,-20.729999999999997,-74.92999999999999,-6.32
3.3472378253936768,162.34,23.529999999999998,-10.309999999999999,-118.88,-159.01999999999998,71.87
3.361151933670044,-50.31,-4.52,23.900000000000006,-76.41,-110.32,-35.46
3.375119686126709,-80.0,0.5300000000000011,-28.74,-54.32,-139.98,-6.52
3.3891069889068604,85.28,-2.09,-32.9,-154.97,-136.2,24.630000000000003
3.4029557704925537,-308.99,-15.040000000000001,-52.089999999999996,-7.77,45.26,-134.5
3.4166476726531982,-135.79000000000002,-8.49,-47.92,-103.55000000000001,-83.75,-31.93
3.430246353149414,-142.3,-15.969999999999999,-42.18,-72.74000000000001,-99.86999999999999,-70.06
3.4440255165100098,-238.0,-13.88,-27.659999999999997,-43.63,-87.16,-70.64
3.4579405784606934,-32.82,0.19000000000000128,-14.86,-134.76999999999998,-58.47,-15.07
3.4717843532562256,-149.45000000000002,2.2300000000000004,-6.100000000000001,-64.86000000000001,-33.38,-53.34
3.485422372817993,37.6,6.66,-1.8900000000000006,-73.11000000000001,-129.82999999999998,11.649999999999999
3.499169111251831,-87.39999999999999,7.280000000000001,-8.089999999999996,14.04,-49.85,-28.87
3.5127336978912354,41.79,-2.9400000000000013,1.6099999999999994,-62.199999999999996,-126.77,36.06999999999999
3.5273756980895996,-49.52,-12.05,-9.169999999999998,-45.28,-69.25999999999999,-16.65
3.540667772293091,0.6999999999999997,-12.36,2.1899999999999977,-64.96000000000001,-106.11,4.460000000000001
3.554070234298706,-6.790000000000001,-5.489999999999998,6.170000000000002,-66.22999999999999,-58.85,0.6499999999999986
3.5677032470703125,-41.52,5.079999999999998,-0.8500000000000014,35.08,-110.58999999999999,-3.629999999999999
3.581233501434326,38.98,-1.7600000000000016,-2.3599999999999994,-53.73,-87.36999999999999,21.04
3.5945818424224854,13.32,7.100000000000001,-17.189999999999998,29.09,-133.10999999999999,0.490000000000002
3.607919931411743,28.43,16.81,-2.6599999999999966,-18.53,-96.36,4.200000000000003
3.6212103366851807,53.54,12.749999999999996,21.07,-37.04,-120.07,30.130000000000003
3.6345434188842773,130.10999999999999,20.94,40.05,-24.200000000000003,-201.18,61.06999999999999
3.6479244232177734,73.10000000000001,16.37,14.020000000000003,-34.74,-87.97999999999999,38.980000000000004
3.6616287231445312,134.85,23.290000000000003,3.1799999999999997,-35.18,-74.03999999999999,69.63
3.6751132011413574,28.130000000000003,30.05,-26.089999999999996,17.2,-26.78,-4.800000000000001
3.6884913444519043,-8.65,12.559999999999999,-24.29,45.56,-43.74,-2.09
3.7017199993133545,-104.78999999999999,-1.5199999999999996,-53.06,24.59,24.25,-51.15
3.715069532394409,-212.98000000000002,-9.620000000000001,-61.980000000000004,30.14,79.15,-75.45
3.728483200073242,-161.63,-26.92,-39.54,21.9,30.22,-67.72
3.7420594692230225,-167.48000000000002,-20.11,-26.27,9.379999999999999,47.9,-50.510000000000005
3.7552993297576904,-36.760000000000005,-19.72,-9.709999999999997,-25.229999999999997,-17.68,-8.64
3.768834352493286,-25.83,-25.48,11.759999999999998,-46.34,-83.16,5.329999999999998
3.7824676036834717,14.52,-14.38,24.930000000000007,-59.199999999999996,-73.32,21.03
3.7959718704223633,24.909999999999997,-13.19,22.700000000000003,-47.45,-116.41,15.439999999999998
3.809445381164551,-11.51,-7.43,10.89,-20.259999999999998,-146.35999999999999,11.68
3.8229868412017822,-11.14,-2.1900000000000013,-4.039999999999999,-28.68,-90.19999999999999,-5.539999999999999
3.836203098297119,-116.1,-17.17,-12.77,-17.560000000000002,-62.11,-27.27
3.849661111831665,89.49000000000001,-1.9800000000000004,-4.75,-83.12,-144.16,45.900000000000006
3.8629302978515625,39.239999999999995,10.739999999999998,-24.02,-113.91,-121.72999999999999,0.3400000000000034
3.8761842250823975,-57.46,5.629999999999999,-32.58,-47.79,-153.51999999999998,-23.04
3.889522075653076,-18.229999999999997,3.5700000000000003,-39.5,-102.57,-128.02,7.93
3.9028749465942383,-24.200000000000003,-13.93,-56.879999999999995,-78.63,-91.08,-25.98
3.9161667823791504,-333.55,-29.34,-61.81,-26.79,22.84,-127.87
3.929513454437256,-67.55999999999999,-6.93,-31.79,-142.91,-77.92999999999999,-14.27
3.942767858505249,-187.22,-4.23,-29.61,-27.53,-112.94,-81.06
3.956339120864868,-162.10000000000002,-4.739999999999998,-18.4,-39.63,-103.88,-42.31
3.970078229904175,-48.49,-2.1499999999999986,-9.48,-122.6,-51.88,-19.85
3.9833879470825195,-133.95000000000002,-3.9400000000000013,-5.789999999999999,-68.62,-57.46,-37.81
3.9968066215515137,24.61,-2.210000000000001,4.450000000000003,-78.9,-139.37,16.79
4.01045036315918,-73.69,0.6600000000000001,-4.409999999999997,-42.17,-29.56,-26.54
4.023747205734253,36.22,-5.760000000000002,-5.439999999999998,-70.03,-102.88999999999999,21.189999999999998
4.03751802444458,-59.190000000000005,-12.61,3.8100000000000023,-42.94,-58.77,-10.27
4.051149845123291,5.4399999999999995,-5.510000000000002,-1.3100000000000023,-65.37,-105.72,10.700000000000003
4.06473708152771,-7.8100000000000005,2.5199999999999996,2.3999999999999986,-58.029999999999994,-68.88999999999999,-0.7199999999999989
4.078122138977051,-21.740000000000002,4.219999999999999,-1.9600000000000009,8.93,-159.84,-32.97
4.091774940490723,5.82,7.129999999999999,-2.3999999999999986,-61.35,-50.22,9.619999999999997
4.1052467823028564,18.549999999999997,-0.620000000000001,-9.029999999999998,-0.7599999999999998,-130.89,14.840000000000003
4.1185948848724365,18.97,8.970000000000002,-2.4099999999999966,-14.809999999999999,-97.19,-0.5799999999999983
4.131897211074829,43.94,12.120000000000001,17.82,-9.649999999999999,-84.52999999999999,24.619999999999997
4.145247459411621,125.59,10.430000000000003,21.840000000000003,-7.93,-155.73999999999998,53.3
4.158584356307983,86.22,9.580000000000002,20.5,2.039999999999999,-85.32,47.81999999999999
4.1719934940338135,156.92,18.349999999999998,-6.409999999999997,-47.86,-64.11,66.77
4.185589551925659,32.339999999999996,28.59,-28.509999999999998,14.04,-27.52,-9.34
4.198827266693115,-4.19,11.809999999999999,-32.71,58.26,-54.93,-9.670000000000002
4.212222099304199,-118.3,8.510000000000002,-46.37,17.9,43.85,-65.75
4.22551965713501,-186.87,-7.09,-63.29,29.299999999999997,51.589999999999996,-71.27000000000001
4.239134788513184,-170.63,-11.82,-49.12,6.83,56.71,-68.67
4.252570867538452,-156.49,-13.47,-29.31,7.87,23.38,-57.0
4.266310214996338,-40.6,-14.64,-3.3599999999999994,-3.09,-64.03999999999999,-5.210000000000001
4.279710531234741,-24.380000000000003,-22.46,10.560000000000002,-30.82,-75.66999999999999,2.200000000000003
4.2931084632873535,40.73,-17.02,13.560000000000002,-64.19,-86.74,30.939999999999998
4.307750225067139,28.770000000000003,-16.27,11.240000000000002,-48.910000000000004,-117.13,17.89
4.321259498596191,10.709999999999999,-13.61,9.54,-46.98,-118.50999999999999,7.670000000000002
4.334745407104492,48.64,-9.5,18.950000000000003,-70.69,-114.24,17.92
4.348070383071899,-101.8,-10.74,-14.299999999999997,-33.04,-25.52,-41.17
4.361422300338745,-133.43,6.870000000000001,-20.459999999999997,5.4,-48.03,-41.81
4.375012636184692,151.73999999999998,26.749999999999996,-7.009999999999998,-127.66,-179.03,85.92
4.388397455215454,51.1,22.8,-44.64,-67.13,-144.56,-9.129999999999999
4.402138710021973,-122.92,14.249999999999996,-34.93,-15.52,-129.34,-27.63
4.4157984256744385,126.30000000000001,1.5799999999999983,24.450000000000003,-170.72,-173.95999999999998,46.42
4.429349422454834,-230.0,-13.57,-51.75,-56.690000000000005,25.03,-108.41
4.442597389221191,-226.59,-14.040000000000001,-34.129999999999995,-75.1,-40.1,-65.50999999999999
4.455942153930664,-63.4,-7.5,-31.869999999999997,-84.07,-111.96,-34.58
4.4695587158203125,-296.22,-8.61,-25.33,-7.02,-69.89999999999999,-96.39
4.4832305908203125,-39.010000000000005,-15.68,-4.740000000000002,-131.78,-118.19,-5.52
4.49676775932312,-149.48000000000002,4.879999999999999,-14.489999999999998,-78.82,-6.0600000000000005,-48.62
4.510580778121948,-13.799999999999999,4.469999999999999,1.3100000000000023,-75.9,-118.27999999999999,6.310000000000002
4.524121046066284,-60.050000000000004,8.860000000000003,-3.0700000000000003,-34.84,-43.18,-20.84
4.537924289703369,7.17,6.289999999999999,3.6700000000000017,-49.51,-112.66999999999999,15.259999999999998
4.5519068241119385,-25.810000000000002,-5.670000000000002,-6.619999999999997,-37.21,-87.66,-5.649999999999999
4.5657994747161865,0.17999999999999972,0.879999999999999,-13.7,-44.59,-88.36,10.71
4.579524517059326,-3.41,-2.629999999999999,-5.659999999999997,-43.160000000000004,-77.35,0.5200000000000031
4.592994451522827,-23.689999999999998,-10.870000000000001,-12.459999999999997,-34.02,-91.91999999999999,-10.7
4.606600999832153,-12.03,15.110000000000003,0.5300000000000011,-20.060000000000002,-71.5,-3.5599999999999987
4.620349645614624,7.4799999999999995,17.889999999999997,-2.8299999999999983,-38.71,-138.06,28.659999999999997
4.6337878704071045,-20.08,13.59,-12.939999999999998,10.29,-108.64999999999999,-0.5399999999999991
4.647064208984375,19.92,22.8,0.9699999999999989,5.779999999999999,-84.72,19.090000000000003
4.660428047180176,107.14,18.27,21.17,-6.420000000000002,-142.09,46.480000000000004
4.673738956451416,116.07000000000001,35.629999999999995,31.5,-11.75,-76.27,63.45
4.6871302127838135,154.23,12.919999999999998,11.009999999999998,-46.02,-75.72,69.37
4.700816631317139,83.9,24.73,-17.369999999999997,-42.93,21.94,29.909999999999997
4.714351177215576,-40.04,1.4699999999999989,-23.86,58.44,-63.19,-8.7
4.72766637802124,-81.42,4.919999999999998,-54.7,77.46000000000001,-3.15,-43.15
4.741000652313232,-186.44,-7.5,-56.35,49.9,46.27,-78.07
4.754432201385498,-179.84,-25.8,-50.14,-10.149999999999999,74.66000000000001,-70.52000000000001
4.767884969711304,-160.31,-25.02,-29.02,-6.960000000000001,39.02,-52.22
4.781341075897217,-64.33,-21.6,-9.86,-9.29,-62.02,-14.5
4.794949054718018,-9.450000000000001,-18.09,9.969999999999999,-19.35,-86.14999999999999,21.1
4.808330059051514,36.699999999999996,-14.43,14.170000000000002,-31.619999999999997,-95.72999999999999,28.189999999999998
4.822018146514893,32.64,-24.72,18.730000000000004,-53.589999999999996,-116.89999999999999,21.340000000000003
4.8359150886535645,-5.62,-10.73,23.400000000000006,-56.690000000000005,-92.13,14.89
4.8491528034210205,38.51,-2.0700000000000003,5.280000000000001,-69.4,-102.35,30.060000000000002
4.862535238265991,-12.07,5.640000000000001,-6.960000000000001,-42.04,-131.29999999999998,5.07
4.875847101211548,-136.97,14.309999999999999,-19.669999999999998,-47.2,-14.11,-58.31
4.8892834186553955,16.08,6.879999999999999,-29.0,-81.12,-106.89999999999999,14.729999999999997
4.9029035568237305,176.39,15.870000000000001,-25.46,-138.73,-216.0,60.59
4.9166600704193115,-132.36,19.91,-44.05,-1.379999999999999,-85.94999999999999,-76.72999999999999
4.930160045623779,44.03,23.069999999999997,-49.98,-110.62,-174.38,37.91
4.94380521774292,22.36,5.510000000000002,24.629999999999995,-127.29999999999998,-70.52,-9.41
4.957088232040405,-350.66,-23.17,-57.3,-17.97,70.9,-135.22
4.970512628555298,-77.24,-25.07,-43.51,-101.85,-132.01999999999998,-9.68
4.984045743942261,-238.37,-13.0,-19.88,-30.4,-66.88999999999999,-98.18
4.997421026229858,-149.34,-8.06,-23.779999999999998,-46.64,-134.41,-38.83
